--lua
os.loadAPI('rom/luo/printer3d') ;

slots = {
	[1] = {'fuel'} ;
	[2] = {'black'} ;
	[3] = {'white'} ;
} ;
api.slot.checkList(slots) ;

bmp = {
	{
		{2,2,2,2,2,2,2,3,3,2,2,2,3,2,2,3,3,3,2,2,2,2,2,2,2} ,
		{2,3,3,3,3,3,2,3,2,3,3,3,3,2,3,3,3,3,2,3,3,3,3,3,2} ,
		{2,3,2,2,2,3,2,3,3,2,3,2,3,2,2,3,2,3,2,3,2,2,2,3,2} ,
		{2,3,2,2,2,3,2,3,2,2,3,3,2,2,3,3,2,3,2,3,2,2,2,3,2} ,
		{2,3,2,2,2,3,2,3,2,3,2,2,2,3,3,2,2,3,2,3,2,2,2,3,2} ,
		{2,3,3,3,3,3,2,3,3,3,2,2,3,3,2,3,3,3,2,3,3,3,3,3,2} ,
		{2,2,2,2,2,2,2,3,2,3,2,3,2,3,2,3,2,3,2,2,2,2,2,2,2} ,
		{3,3,3,3,3,3,3,3,2,3,3,3,3,2,2,3,3,3,3,3,3,3,3,3,3} ,
		{3,2,3,2,2,2,2,3,2,2,3,3,3,3,2,2,3,2,2,3,2,2,3,2,3} ,
		{3,3,3,3,3,3,3,3,2,3,2,3,3,3,2,2,2,2,3,2,2,3,2,3,3} ,
		{3,3,2,3,2,3,2,2,2,3,2,2,2,3,2,2,3,2,2,2,2,2,3,2,2} ,
		{2,3,3,2,3,2,3,2,2,3,2,2,3,3,2,2,3,2,3,2,3,2,2,2,2} ,
		{3,3,2,2,2,3,2,2,2,3,3,3,2,2,2,3,2,3,3,2,3,3,2,3,2} ,
		{2,2,2,2,2,3,3,3,2,3,2,2,2,2,2,2,3,3,3,3,2,3,3,3,2} ,
		{2,2,3,2,3,3,2,3,3,3,2,3,3,3,3,2,2,2,3,2,3,2,2,2,2} ,
		{2,3,2,2,3,3,3,3,3,2,2,2,2,2,2,3,2,2,3,2,2,2,2,2,3} ,
		{2,3,3,3,2,2,2,2,3,3,2,2,3,2,2,2,2,2,2,2,2,3,2,2,2} ,
		{3,3,3,3,3,3,3,3,2,2,2,3,3,2,3,2,2,3,3,3,2,3,2,3,3} ,
		{2,2,2,2,2,2,2,3,3,3,3,3,3,3,2,3,2,3,2,3,2,2,3,2,2} ,
		{2,3,3,3,3,3,2,3,2,2,3,2,3,2,2,3,2,3,3,3,2,2,3,3,2} ,
		{2,3,2,2,2,3,2,3,2,3,2,3,3,2,2,2,2,2,2,2,2,2,3,2,2} ,
		{2,3,2,2,2,3,2,3,2,3,2,3,2,2,2,3,2,3,3,2,3,3,3,2,2} ,
		{2,3,2,2,2,3,2,3,3,2,2,3,2,3,2,3,2,3,3,2,2,3,3,2,2} ,
		{2,3,3,3,3,3,2,3,2,3,2,3,2,3,2,3,2,3,3,3,2,2,2,2,2} ,
		{2,2,2,2,2,2,2,3,3,2,2,2,3,3,2,2,3,2,2,3,3,2,3,3,2} ,
	} ,
} ;

printer3d.printBmp(bmp) ;

